0.10999999999999988 1.7587399999999995
0.1200000000000001 1.7571999999999974
0.1299999999999999 1.7546800000000005
0.14000000000000012 1.751179999999998
0.1499999999999999 1.746699999999997
0.16000000000000014 1.7412399999999941
0.16999999999999993 1.7348
0.18000000000000016 1.7273800000000001
0.18999999999999995 1.7189799999999984
0.20000000000000018 1.7095999999999982
0.20999999999999996 1.699239999999996
0.2200000000000002 1.6878999999999955
0.22999999999999998 1.675579999999993
0.2400000000000002 1.6622800000000026
0.25 1.6479999999999997
0.2599999999999998 1.6327400000000019
0.27 1.6164999999999985
0.2799999999999998 1.5992799999999967
0.29000000000000004 1.581079999999993
0.2999999999999998 1.5618999999999943
0.31000000000000005 1.5417400000000008
0.31999999999999984 1.5205999999999982
0.33000000000000007 1.4984799999999971
0.33999999999999986 1.4753799999999977
0.3500000000000001 1.4512999999999927
0.3599999999999999 1.4262399999999964
0.3700000000000001 1.4002000000000017
0.3799999999999999 1.3731800000000014
0.3900000000000001 1.3451799999999992
0.3999999999999999 1.3161999999999985
0.41000000000000014 1.2862399999999958
0.41999999999999993 1.2552999999999948
0.43000000000000016 1.2233800000000024
0.43999999999999995 1.1904800000000009
0.4500000000000002 1.1565999999999974
0.45999999999999996 1.121739999999999
0.4700000000000002 1.0858999999999952
0.48 1.0490799999999965
0.4900000000000002 1.0112799999999957
0.5 0.9725000000000001
0.5099999999999998 0.9327400000000026
0.52 0.8919999999999959
0.5299999999999998 0.8502799999999979
0.54 0.807579999999998
0.5499999999999998 0.763899999999996
0.56 0.7192399999999921
0.5699999999999998 0.6735999999999933
0.5800000000000001 0.6269799999999961
0.5899999999999999 0.5793800000000005
0.6000000000000001 0.5307999999999993
0.6099999999999999 0.48123999999999967
0.6200000000000001 0.43069999999999453
0.6299999999999999 0.3791799999999981
0.6400000000000001 0.3266799999999961
0.6499999999999999 0.27319999999999567
0.6600000000000001 0.21873999999999683
0.6699999999999999 0.16329999999999956
0.6800000000000002 0.10687999999998965
0.69 0.04947999999999553
0.7000000000000002 0.005500000000004945
0.71 0.0518599999999978
0.7200000000000002 0.09723999999999933
0.73 0.14163999999998822
0.7400000000000002 0.1850599999999929
0.75 0.22749999999998494
0.7599999999999998 0.26895999999998565
0.77 0.30943999999998795
0.7799999999999998 0.3489399999999918
0.79 0.38745999999999015
0.7999999999999998 0.42499999999999005
0.81 0.46155999999999153
0.8199999999999998 0.4971399999999875
0.8300000000000001 0.5317399999999921
0.8399999999999999 0.5653599999999841
0.8500000000000001 0.5979999999999919
0.8599999999999999 0.6296599999999941
0.8700000000000001 0.6603399999999908
0.8799999999999999 0.6900399999999891
0.8900000000000001 0.7187599999999961
0.8999999999999999 0.7464999999999904
0.9100000000000001 0.7732599999999934
0.9199999999999999 0.799039999999998
0.9300000000000002 0.823839999999997
0.94 0.8476599999999976
0.9500000000000002 0.8704999999999998
0.96 0.8923599999999965
0.9700000000000002 0.9132399999999947
0.98 0.9331399999999945
0.9900000000000002 0.9520599999999959
1.0 0.9699999999999989
1.0099999999999998 0.9869599999999963
1.02 1.0029399999999953
1.0299999999999998 1.0179399999999958
1.04 1.031959999999998
1.0499999999999998 1.0450000000000017
1.06 1.0570599999999999
1.0699999999999998 1.0681399999999996
1.08 1.078240000000001
1.0899999999999999 1.0873599999999968
1.1 1.09549999999998
1.1099999999999999 1.102659999999993
1.12 1.1088399999999865
1.13 1.1140399999999886
1.1400000000000001 1.1182599999999923
1.15 1.1214999999999904
1.1600000000000001 1.123759999999983
1.17 1.1250399999999914
1.1800000000000002 1.1253399999999871
1.19 1.1246599999999916
1.2000000000000002 1.1229999999999833
1.21 1.120359999999991
1.2200000000000002 1.116739999999993
1.23 1.1121399999999895
1.2400000000000002 1.1065599999999876
1.25 1.0999999999999943
1.2599999999999998 1.0924599999999884
1.27 1.0839399999999912
1.2799999999999998 1.0744399999999956
1.29 1.0639599999999945
1.2999999999999998 1.0524999999999949
1.31 1.0400599999999898
1.3199999999999998 1.0266399999999933
1.33 1.0122399999999914
1.3399999999999999 0.996859999999991
1.35 0.9804999999999993
1.3599999999999999 0.963160000000002
1.37 0.9448399999999921
1.38 0.925539999999998
1.3900000000000001 0.9052599999999984
1.4 0.8840000000000003
1.4100000000000001 0.8617599999999968
1.42 0.8385400000000018
1.4300000000000002 0.8143400000000014
1.44 0.7891600000000025
1.4500000000000002 0.7629999999999981
1.46 0.7358599999999811
1.4700000000000002 0.7077399999999869
1.48 0.6786399999999873
1.4900000000000002 0.6485599999999891
1.5 0.6174999999999855
1.5099999999999998 0.5854599999999905
1.52 0.55243999999999
1.5299999999999998 0.5184399999999911
1.54 0.4834599999999867
1.5499999999999998 0.4474999999999838
1.56 0.4105599999999896
1.5699999999999998 0.37263999999998987
1.58 0.3337399999999917
1.5899999999999999 0.293859999999988
1.6 0.2529999999999859
1.6099999999999999 0.21115999999998536
1.62 0.1683399999999935
1.63 0.12453999999998899
1.6400000000000001 0.07975999999998606
1.65 0.03399999999998471
1.6600000000000001 0.009540000000001214
1.67 0.046399999999977126
1.6800000000000002 0.08227999999999724
1.69 0.11718000000000472
1.7000000000000002 0.15109999999998536
1.71 0.18403999999999598
1.7200000000000002 0.21599999999997976
1.73 0.24697999999997933
1.7400000000000002 0.2769799999999947
1.75 0.3060000000000116
1.7599999999999998 0.33403999999997325
1.77 0.3611000000000075
1.7799999999999998 0.38718000000000075
1.79 0.41227999999998133
1.7999999999999998 0.4363999999999919
1.81 0.45953999999998985
1.8199999999999998 0.48169999999997515
1.83 0.5028800000000047
1.8399999999999999 0.5230800000000073
1.85 0.5422999999999831
1.8599999999999999 0.5605399999999889
1.87 0.5777999999999821
1.88 0.5940799999999911
1.8900000000000001 0.6093800000000016
1.9 0.6237000000000137
1.9100000000000001 0.6370399999999989
1.92 0.6494
1.9300000000000002 0.6607799999999884
1.94 0.6711799999999926
1.9500000000000002 0.6806000000000125
1.96 0.6890399999999772
1.9700000000000002 0.6965000000000003
1.98 0.7029799999999966
1.9900000000000002 0.7084799999999944
2.0 0.7129999999999939
2.01 0.7165399999999948
2.0199999999999996 0.7191000000000116
2.0300000000000002 0.7206799999999873
2.04 0.7212800000000072
2.05 0.7208999999999719
2.0599999999999996 0.719539999999995
2.0700000000000003 0.7171999999999912
2.08 0.713879999999989
2.09 0.7095800000000025
2.0999999999999996 0.7042999999999893
2.1100000000000003 0.6980399999999918
2.12 0.6908000000000101
2.13 0.6825800000000015
2.1399999999999997 0.6733799999999803
2.1500000000000004 0.6632000000000033
2.16 0.6520399999999853
2.17 0.639899999999983
2.1799999999999997 0.6267799999999966
2.1900000000000004 0.6126799999999832
2.2 0.5975999999999999
2.21 0.5815400000000039
2.2199999999999998 0.5644999999999953
2.2300000000000004 0.5464800000000025
2.24 0.5274799999999971
2.25 0.507499999999979
2.26 0.48653999999999087
2.2699999999999996 0.46459999999999013
2.2800000000000002 0.44167999999999097
2.29 0.4177799999999934
2.3 0.39289999999999736
2.3099999999999996 0.3670400000000029
2.3200000000000003 0.34019999999999584
2.33 0.31238000000000454
2.34 0.2835799999999722
2.3499999999999996 0.25379999999998404
2.3600000000000003 0.22303999999998325
2.37 0.19129999999998404
2.38 0.1585799999999864
2.3899999999999997 0.12487999999999033
2.4000000000000004 0.09019999999999584
2.41 0.05454000000000292
2.42 0.017899999999997362
2.4299999999999997 0.012659999999982574
2.4400000000000004 0.04171999999999798
2.45 0.06979999999998654
2.46 0.09689999999997667
2.4699999999999998 0.12302000000001101
2.4800000000000004 0.1481600000000043
2.49 0.17231999999998493
2.5 0.19550000000000978
2.51 0.21769999999999357
2.5199999999999996 0.23892000000000735
2.5300000000000002 0.2591599999999943
2.54 0.2784200000000112
2.55 0.2967000000000155
2.5599999999999996 0.31399999999999295
2.5700000000000003 0.3303200000000146
2.58 0.3456599999999952
2.59 0.3600200000000058
2.5999999999999996 0.3733999999999895
2.6100000000000003 0.38580000000001746
2.62 0.39722000000000435
2.63 0.407660000000007
2.6399999999999997 0.41711999999998284
2.6500000000000004 0.42560000000000286
2.66 0.43309999999999604
2.67 0.439620000000005
2.6799999999999997 0.4451599999999871
2.6900000000000004 0.44972000000001344
2.7 0.4532999999999845
2.71 0.45589999999998554
2.7199999999999998 0.45751999999998816
2.7300000000000004 0.45815999999999235
2.74 0.4578199999999981
2.75 0.45649999999999125
2.76 0.45419999999998595
2.7699999999999996 0.45092000000001065
2.7800000000000002 0.4466599999999943
2.79 0.4414199999999937
2.8 0.4352000000000089
2.8099999999999996 0.4280000000000115
2.8200000000000003 0.4198199999999872
2.83 0.4106599999999787
2.84 0.4005200000000002
2.8499999999999996 0.38939999999999486
2.8600000000000003 0.3772999999999911
2.87 0.3642200000000031
2.88 0.35016000000000247
2.8899999999999997 0.3351200000000034
2.9000000000000004 0.3190999999999775
2.91 0.30210000000001
2.92 0.2841200000000015
2.9299999999999997 0.2651599999999945
2.9400000000000004 0.24522000000000332
2.95 0.2242999999999995
2.96 0.20239999999999725
2.9699999999999998 0.17951999999999657
2.9800000000000004 0.15566000000001168
2.99 0.13081999999999994
3.0 0.10499999999998977
3.01 0.07819999999999538
3.0199999999999996 0.05041999999998836
3.0300000000000002 0.021659999999997126
